194782782
117237000
17123286
222523859
16414118
78486286
17648481
133564078
103524114
4743111974
131133214
131133214
131133214
3107076992
148020161
169903581
947781007
95666402
70329172
3377241
107712554
223016942
85238731
4527911412
194782782
117237000
17123286
222523859
16414118
78486286
17648481
133564078
103524114
4743111974
74405316
200264636
1400028474
70957977
200264636
67555366
108809607
114111176
180320887
114746645
223286416
3377241
6386322
426472066
1400028474
7.28E+17
21818791
2864814035
3316355388
477648808
98408204
581024325
310581040
403186218
4882146885
4304631
4304631
2878423380
267587621
7.75E+17
310581040
7.31E+17
3377241
45284903
2451643429
161989257
3377241
99272731
83108212
3377241
180320887
60528711
16062927
305660688
98016012
183586154
223016942
425744590
164759742
223016942
4304631
70957977
25647016
223286416
67555366
114111176
136660806
180320887
46393552
99103564
99103564
99103564
6386322
3377241
947781007
106967720
566318564
7.86E+17
152746692
101147023
71485317
1538943714
456776371
76606449
108919847
2931708631
64619524
333989391
2595995118
139115175
99518839
71485317
7.16E+17
577190968
2354793704
154578193
423748196
877936963
98016012
6593982
919134061
253497953
139429899
118306854
2375293376
848614824
1525235203
486597929
107573628
7.37E+17
129230154
2376893503
114111176
230369365
281297103
941569758
118369395
20596452
7.90E+17
114200837
994568430
514674318
2781046033
509114088
93360549
268156131
59789204
308851183
119374586
129230154
223286416
141224037
141224037
15531381
171038125
129230154
172774182
3857201
480525180
183617231
112533959
2787725574
947781007
223286416
229768556
522889463
563605738
126566900
119374586
129230154
2831273178
359397237
126893878
223286416
2456419716
122298761
2594659374
871776210
3236106570
120688786
3232183453
3232183453
87449913
82063349
401417900
4675237634
2926462105
85238731
1879309098
2989493349
112123911
798589032
130883354
57477198
180320887
35434021
122120068
459026722
98016012
74405316
164759742
57477198
155453458
383264575
4304631
108809607
180320887
223286416
765798588
6386322
3377241
107870840
1461653964
495010557
4304631
107870840
947781007
2901169020
7.75E+17
1022181600
230420231
2864814035
15206901
223286416
145242967
99518839
6596652
434190732
223016942
10537182
121683524
44629928
58783718
28068234
127462347
145579296
102313740
71168401
267738878
180320887
68732735
223016942
6596652
223286416
4304631
70957977
67555366
114111176
180320887
765798588
3377241
6386322
2916853449
2578584218
1326600656
83304248
20257540
120302636
80305991
947781007
1399710686
730366652
2502909079
1290384668
273872623
52697936
1009053319
451499439
2909670914
192570297
261171011
122120068
125599584
205278010
4838032381
20257540
4304631
67555366
114111176
180320887
102350271
99103564
99103564
99103564
3377241
6386322
66601333
125565639
104411200
730366652
21725893
552642657
223286416
189016890
4304631
947781007
7434192
3221860466
28005792
125565639
70957977
77492013
192570297
191831529
1080984014
122120068
38951612
1080984014
7.75E+17
83108212
548087409
61403448
94465609
87104291
1063505598
97927857
223286416
92288769
2973499434
4304631
70957977
114111176
108809607
67555366
433055459
180320887
765798588
6386322
3377241
391782935
7.26E+17
291499050
426472066
15136006
15136006
98261950
255578954
1575376496
255578954
947781007
4304631
255578954
255578954
129230154
223286416
87449913
223016942
98016012
192570297
2274974646
548087409
3224674639
2976823597
241518702
1206054036
187152275
4304631
70957977
19891663
223286416
114111176
67555366
180320887
765798588
21336569
99103564
7.51E+17
280046719
166545775
2827565839
1249032150
212558734
23629025
158682531
947781007
2955039812
569102761
406856085
212558734
91959043
2994358854
2885344326
2885344326
159413746
477613856
4272405316
424259714
99337708
78325212
730366652
1613258749
343873736
118769912
